
211,212
[-3293.6282374167713, array([0.06267604, 0.1356344 , 0.08375364, 0.13287228, 0.18300124,
       0.06705644, 0.07156096, 0.14404452, 0.11874814, 0.00065234]), array([ 3.78972159e-03, -6.92729923e-03,  1.05184931e-02, -5.56157504e-03,
        2.37372567e-03, -7.00549192e-03, -6.98615637e-03,  7.53311988e-02,
       -1.07170677e-02,  6.73166036e+00]), array([0.45202822, 0.47292489, 0.59578243, 0.67967637, 0.45355531,
       0.48794513, 0.47333859, 0.29339358, 1.23566788, 9.55250332])]
[-3226.972211558689, array([0.06360282, 0.13667914, 0.08441694, 0.13454425, 0.18557861,
       0.06740229, 0.07210563, 0.14768978, 0.1076264 , 0.00035414]), array([-4.65470502e-03, -7.27253849e-03,  5.70161145e-02,  8.80320483e-02,
       -5.39598822e-03, -2.64124964e-03, -7.19431363e-03,  4.46235593e-02,
       -7.40111152e-02,  1.37437833e+01]), array([0.44730779, 0.4683626 , 0.60871222, 0.67670292, 0.44878829,
       0.48452201, 0.46879602, 0.25902284, 1.28309843, 7.09336088])]